3226.00131472
3341.02825472
3454.11231472
3640.19162472
3755.21856472
3812.24002472
3940.33498472
4087.40339472
4200.48745472
4337.54636472
4466.58895472
4579.67301472
4707.76797472
4764.78943472
4895.82992472
4952.85138472
5067.87832472
5195.97328472
5310.01621472
5381.05332472
5496.08026472
5553.10172472
5700.17013472
5771.20724472
5902.24773472
6015.33179472
6128.41585472
6275.48426472
6362.51629472
6477.54323472
6624.61164472
6681.63310472
6768.66513472
6931.72846472
7117.80777472
7245.90273472
7373.99769472
7505.03818472
7608.04737472
7721.13143472
7852.17192472
7983.21241472
8070.24444472
8198.33940472
8384.41871472
8471.45074472
8618.51915472
8732.56208472
8803.59919472
8989.67850472
9088.74691472
9189.79459472
9276.82662472
9390.86955472
9447.89101472
9633.97032472
9748.99726472
9912.06059472
10015.0697847
10129.1127147
10285.2138247
10372.2458547
10519.3142647
10633.3571947
10736.3663847
10899.4297147
11036.4886247
11149.5726847
11206.5941447
11320.6370747
11483.7004047
11611.7953647
11724.8794247
11852.9380047
11989.9969147
12103.0809747
12218.1079147
12346.2028747
12493.2712847
12606.3553447
12753.4237547
12850.4765147
12951.5241947
13066.5511347
13137.5882447
13238.6359247
13309.6730347
13422.7570947
13585.8204247
13688.8296147
13816.9245747
13903.9566047
14005.0042847
14161.1053947
14290.1479847
14419.1905747
14556.2494847
