962
604 451
399 170
25 244
465 820
591 744
842 244
17 5
357 355
535 212
59 887
90 202
709 558
429 880
491 343
31 407
271 871
860 335
53 14
217 878
91 168
893 140
193 719
27 918
70 37
456 393
422 239
84 962
944 424
960 212
211 56
398 264
341 45
937 78
503 486
741 66
317 153
156 205
255 114
929 852
845 231
382 692
448 642
733 317
139 19
568 913
751 695
842 934
154 397
54 583
764 704
223 240
446 397
136 393
133 231
85 141
636 812
144 602
128 247
39 15
117 111
181 164
96 187
823 19
563 222
614 825
62 49
60 381
387 270
10 1
60 53
14 16
209 378
576 791
524 451
322 60
17 134
437 16
13 155
533 643
35 809
754 75
883 289
927 495
942 803
366 928
97 286
892 31
634 671
270 10
215 256
197 734
378 802
344 550
21 27
169 835
18 12
291 584
493 624
143 689
179 935
114 56
315 261
329 118
730 69
230 668
102 56
644 279
223 116
97 22
784 480
73 82
370 621
243 40
295 700
209 257
790 638
278 395
340 469
104 156
91 652
36 175
194 193
696 840
204 105
54 260
144 24
58 81
814 534
482 659
625 531
35 533
251 102
245 258
546 582
813 755
166 6
246 25
396 13
9 527
345 17
169 45
623 96
881 790
472 109
543 418
447 92
392 88
198 925
61 59
154 316
926 786
203 586
267 97
961 457
462 266
710 940
311 69
106 376
483 113
324 11
55 287
232 41
548 10
141 653
43 90
401 222
65 850
252 542
283 281
499 292
287 297
62 150
501 634
268 486
65 235
354 6
511 513
39 355
467 81
383 88
1 647
118 549
206 271
198 181
27 279
914 149
266 424
154 459
24 239
77 592
170 115
158 212
737 145
167 385
37 95
386 685
351 108
597 201
794 625
14 69
899 172
558 119
505 296
65 203
249 436
433 239
511 184
93 14
210 353
338 260
97 449
394 109
444 432
684 395
275 14
924 4
327 120
270 520
49 184
75 79
1 768
42 36
599 90
739 736
616 405
156 174
493 62
618 407
36 2
220 142
149 163
362 403
695 399
745 574
171 142
475 306
713 64
701 376
638 37
415 319
562 294
431 287
63 21
30 7
539 35
867 418
172 5
518 19
50 2
88 182
288 123
67 159
818 589
181 310
120 97
230 32
3 11
43 25
80 38
386 171
59 268
516 480
473 459
254 451
130 42
725 888
68 104
243 574
298 554
916 149
702 487
355 957
32 303
180 186
432 77
735 66
841 312
54 43
76 115
66 460
510 41
654 30
23 710
521 615
101 57
278 304
123 53
691 262
774 526
255 766
366 165
349 590
284 161
798 33
435 132
108 161
861 750
144 673
909 480
355 532
56 421
529 422
104 832
142 412
551 369
947 67
1 13
308 208
408 209
182 281
438 267
857 438
740 669
838 603
578 63
753 692
508 859
448 756
349 246
806 202
747 103
134 545
876 906
103 154
483 509
912 432
705 53
41 31
727 486
69 214
770 731
20 57
240 622
524 877
78 358
572 227
199 40
161 259
746 483
188 115
488 45
161 461
706 322
470 502
716 90
617 586
626 267
675 348
807 315
462 945
448 226
111 46
65 37
138 25
876 190
28 662
602 683
824 629
289 546
192 333
3 2
837 699
263 65
847 621
388 23
382 194
343 803
915 885
115 457
43 56
946 70
303 879
269 172
128 17
6 151
131 153
688 500
941 891
702 810
103 23
179 295
192 150
363 97
87 80
490 467
384 18
693 56
239 731
383 843
66 14
669 594
74 428
50 404
382 566
220 537
452 369
145 83
160 83
538 552
111 314
517 611
420 260
197 508
69 484
285 707
463 213
326 453
39 305
46 16
679 782
120 196
951 302
187 492
265 15
886 778
64 56
865 211
801 637
33 177
635 83
712 89
219 195
117 132
16 29
217 151
225 192
20 848
375 317
171 870
830 853
47 67
53 372
800 316
544 442
679 234
166 249
113 131
664 232
112 34
6 140
115 238
955 706
779 184
600 551
66 77
6 261
477 415
331 143
290 28
32 6
75 39
355 889
24 22
26 178
146 143
631 572
33 4
207 90
348 30
917 558
364 309
848 882
133 109
5 9
248 247
640 581
276 180
134 476
455 233
214 405
196 748
136 900
507 265
657 401
24 31
212 696
219 289
392 419
138 777
569 201
660 904
63 522
736 457
674 397
233 6
91 72
53 547
898 24
656 102
462 538
501 114
20 12
312 289
82 575
296 273
12 6
489 448
191 298
162 82
795 628
580 102
781 527
39 49
415 874
852 420
282 71
468 576
165 112
75 127
646 23
9 302
1 38
472 581
81 148
18 506
347 336
217 762
268 389
417 866
480 80
628 126
954 947
80 400
125 90
64 721
368 89
601 458
761 331
61 86
225 458
374 661
563 907
11 665
462 894
228 151
333 390
22 118
151 221
157 64
3 21
568 96
96 39
523 627
651 249
474 632
227 808
641 805
849 732
592 607
7 34
321 482
123 229
1 28
169 309
353 361
56 725
12 45
21 560
785 9
307 109
534 294
482 771
235 346
726 351
522 649
283 370
99 38
325 268
309 517
943 7
204 863
32 185
875 208
306 219
21 191
335 88
2 1
587 171
58 105
90 197
374 154
236 131
375 829
22 17
413 299
78 222
57 195
922 276
425 504
414 226
407 425
851 216
26 10
512 328
469 670
70 72
20 23
220 330
7 84
640 799
19 94
16 443
953 83
536 83
72 950
273 474
655 207
4 6
110 442
337 240
749 494
124 40
241 796
637 418
78 190
380 322
183 5
81 85
100 94
217 252
351 362
449 450
54 213
579 14
385 426
89 41
69 371
930 33
54 158
126 179
184 763
728 423
208 9
869 722
830 831
844 319
245 186
147 189
180 3
932 901
253 11
765 21
15 11
332 139
559 356
919 906
481 144
920 844
256 454
55 523
596 271
373 17
316 339
872 226
466 377
890 391
385 891
292 230
359 729
136 610
74 53
931 174
44 38
345 698
638 873
636 168
272 23
897 679
862 772
341 409
682 750
629 44
567 464
222 541
615 720
68 822
119 109
471 164
36 854
151 570
137 344
71 10
585 3
7 3
715 272
505 609
475 531
107 323
441 201
52 135
908 98
299 846
216 7
16 52
732 155
47 19
261 301
332 429
821 537
122 17
525 51
34 577
210 470
142 106
430 672
817 240
215 180
184 694
311 555
699 63
262 225
200 1
55 22
99 464
218 147
11 126
296 902
392 540
675 772
352 65
230 910
224 12
666 656
670 743
936 536
680 559
94 326
495 150
408 776
531 738
680 921
135 241
154 588
32 678
477 496
468 425
248 313
59 787
136 5
417 83
13 51
826 580
603 349
226 205
622 923
300 686
4 3
149 96
137 83
431 606
612 171
4 110
620 614
254 858
191 336
130 176
613 461
630 352
536 864
616 830
745 767
722 93
608 431
614 521
815 695
752 520
833 327
760 471
406 145
591 363
92 9
479 270
717 557
319 147
723 492
714 222
834 662
48 828
895 83
116 911
332 804
291 31
189 595
418 183
755 293
485 145
391 140
783 471
13 278
174 703
494 175
617 905
16 19
323 334
641 500
885 347
528 504
704 2
487 250
1 8
639 504
321 222
681 258
131 949
146 210
686 769
839 525
113 58
2 14
811 1
176 254
532 952
711 52
193 73
728 896
299 515
25 58
663 324
199 521
48 8
331 367
775 309
127 742
786 182
427 411
33 343
388 440
10 277
556 278
86 526
658 163
40 25
855 356
37 500
758 529
682 74
410 819
938 146
816 765
35 359
805 868
589 62
21 88
147 13
177 416
411 210
340 98
94 108
167 52
68 34
23 83
593 333
342 141
564 54
532 619
101 778
434 342
251 724
439 388
339 759
9 206
318 293
88 598
109 82
677 163
209 74
498 266
365 2
687 481
856 29
173 234
193 571
553 126
471 792
353 377
465 197
478 100
575 718
176 690
667 547
765 788
605 116
6 294
456 565
98 43
306 320
939 78
149 201
368 430
107 100
231 250
80 293
447 514
18 25
65 423
958 294
331 410
626 959
257 299
5 3
260 360
103 129
73 18
644 793
445 370
351 402
60 78
54 780
708 278
773 719
